0.21
0.43
0.64
0.86
1.07
1.29
1.5
1.71
1.93
2.14
2.36
2.57
2.79
3
3.21
3.43
3.64
3.86
4.07
4.29
4.5
4.71
4.93
5.14
5.36
5.57
5.79
7.13
7.25
7.38
7.5
7.63
7.75
7.88
8
8.25
8.5
8.75
9
10
10.5
11
11.67
11.83
12
12.17
12.33
12.5
12.67
12.83
13
13.17
13.33
13.5
13.67
13.83
14
14.29
14.59
14.88
15.18
15.47
15.76
16.06
16.35
16.65
16.94
17.24
17.53
17.82
18.12
18.41
18.71
19
19.56
19.63
19.69
19.75
19.81
19.88
19.94
20
20.75
21
21.25
21.5
21.75
22
22.25
22.5
22.75
23
23.25
23.5
23.75
24
24.25
24.5
24.75
25
25.78
26.06
26.34
26.63
26.91
27.19
27.47
27.75
28.03
28.31
28.59
28.88
29.16
29.44
29.72
30
30.76
31.02
31.29
31.55
31.81
32.07
32.33
32.6
32.86
33.12
33.38
33.64
33.9
34.17
34.43
34.69
34.95
35.21
35.48
35.74
36
36.76
37.03
37.29
37.56
37.82
38.09
38.35
38.62
38.88
39.15
39.41
39.68
39.94
40.21
40.47
40.74
41
41.73
41.95
42.18
42.4
42.63
42.85
43.08
43.3
43.53
43.75
43.98
44.2
44.43
44.65
44.88
45.1
45.33
45.55
45.78
46
46.75
47
47.25
47.5
47.75
48
48.25
48.5
48.75
49
49.25
49.5
49.75
50
50.25
50.5
50.75
51
